350	46.31216
351	47.15408
352	47.9223
353	48.61682
354	49.23764
355	49.78476
356	50.25819
357	50.65791
358	50.98393
359	51.23626
360	51.41489
361	51.34617
362	51.30507
363	51.38753
364	51.23549
365	50.76979
366	50.38509
367	50.30804
368	50.34982
369	50.48021
370	50.60561
371	50.58814
372	50.65224
373	51.00228
374	51.44001
375	51.87794
376	52.39279
377	52.95657
378	53.39052
379	53.6058
380	53.79894
381	54.24656
382	55.05432
383	56.11862
384	57.14765
385	57.8648
386	58.25358
387	58.5281
388	58.90118
389	59.30379
390	59.41177
391	59.18054
392	58.90967
393	58.81587
394	58.96968
395	59.40493
396	59.99464
397	60.55264
398	60.97354
399	61.2919
400	61.67795
401	62.21935
402	62.90649
403	63.71487
404	64.51766
405	65.21328
406	65.79857
407	66.22002
408	66.46345
409	66.65239
410	66.83266
411	66.95939
412	67.07592
413	67.32714
414	67.84758
415	68.59822
416	69.31499
417	69.78881
418	70.07292
419	70.35552
420	70.71439
421	71.14417
422	71.71763
423	72.45596
424	73.17244
425	73.67644
426	73.93763
427	74.07563
428	74.31015
429	74.73471
430	75.1959
431	75.58999
432	76.02444
433	76.61127
434	77.27434
435	77.85201
436	78.27179
437	78.6209
438	79.08874
439	79.73663
440	80.41082
441	80.99453
442	81.52275
443	82.01485
444	82.39931
445	82.63319
446	82.74784
447	82.79447
448	82.85815
449	83.00817
450	83.19945
451	83.37552
452	83.56759
453	83.78107
454	83.95394
455	84.08356
456	84.21434
457	84.3537
458	84.51034
459	84.69591
460	84.87508
461	85.01803
462	85.15083
463	85.29503
464	85.41718
465	85.47459
466	85.46985
467	85.44823
468	85.4522
469	85.46514
470	85.44914
471	85.42591
472	85.42871
473	85.45489
474	85.51476
475	85.61164
476	85.69471
477	85.73473
478	85.76916
479	85.82108
480	85.85567
481	85.84703
482	85.83719
483	85.87449
484	85.93327
485	85.96518
486	85.95904
487	85.9161
488	85.85196
489	85.81132
490	85.81243
491	85.81029
492	85.77028
493	85.72965
494	85.73897
495	85.78877
496	85.80815
497	85.74248
498	85.63884
499	85.57928
500	85.54891
501	85.49841
502	85.46525
503	85.49412
504	85.5303
505	85.51174
506	85.48505
507	85.54108
508	85.67882
509	85.81055
510	85.88359
511	85.93929
512	86.05106
513	86.23226
514	86.43889
515	86.62954
516	86.76709
517	86.85154
518	86.96095
519	87.13553
520	87.30587
521	87.42964
522	87.55149
523	87.69614
524	87.83393
525	87.96369
526	88.11993
527	88.28224
528	88.39008
529	88.45634
530	88.55816
531	88.72036
532	88.87146
533	88.93668
534	88.9488
535	88.98324
536	89.02269
537	89.02104
538	89.02185
539	89.08397
540	89.16994
541	89.21453
542	89.24212
543	89.31929
544	89.43956
545	89.5493
546	89.64879
547	89.79129
548	89.99798
549	90.23258
550	90.47054
551	90.70923
552	90.90479
553	91.037
554	91.18652
555	91.4045
556	91.62407
557	91.79503
558	91.95594
559	92.12434
560	92.23856
561	92.2702
562	92.29259
563	92.35718
564	92.41776
565	92.43894
566	92.45011
567	92.45651
568	92.40588
569	92.28076
570	92.14352
571	92.03969
572	91.94564
573	91.85065
574	91.78382
575	91.75164
576	91.73627
577	91.73455
578	91.7357
579	91.70814
580	91.66327
581	91.66563
582	91.74073
583	91.84251
584	91.91695
585	91.94793
586	91.94973
587	91.94008
588	91.92652
589	91.92136
590	91.94022
591	91.98104
592	92.04208
593	92.1307
594	92.23372
595	92.32573
596	92.38716
597	92.39538
598	92.34835
599	92.29604
600	92.30275
601	92.36245
602	92.39598
603	92.35722
604	92.26924
605	92.16802
606	92.0827
607	92.03374
608	92.02207
609	92.03981
610	92.08865
611	92.18179
612	92.30614
613	92.40891
614	92.45658
615	92.45802
616	92.42609
617	92.3746
618	92.33307
619	92.30763
620	92.24939
621	92.10486
622	91.87398
623	91.5964
624	91.31791
625	91.07333
626	90.86249
627	90.66384
628	90.48734
629	90.37447
630	90.36124
631	90.44473
632	90.56459
633	90.67473
634	90.79824
635	90.96079
636	91.15581
637	91.37506
638	91.60894
639	91.83132
640	92.00433
641	92.11687
642	92.19831
643	92.27147
644	92.32884
645	92.34876
646	92.32352
647	92.28399
648	92.26096
649	92.24808
650	92.23771
651	92.2262
652	92.18444
653	92.09382
654	91.97147
655	91.84157
656	91.72512
657	91.63346
658	91.55409
659	91.47192
660	91.41297
661	91.42151
662	91.48019
663	91.53161
664	91.56621
665	91.61729
666	91.6983
667	91.78348
668	91.85598
669	91.94368
670	92.06209
671	92.17824
672	92.25987
673	92.304
674	92.32047
675	92.31205
676	92.24356
677	92.07579
678	91.88147
679	91.80292
680	91.85716
681	91.9287
682	91.94971
683	91.96172
684	91.98566
685	91.9749
686	91.93304
687	91.94306
688	92.06873
689	92.29094
690	92.53415
691	92.75436
692	92.97328
693	93.21208
694	93.43453
695	93.57905
696	93.63848
697	93.69669
698	93.85537
699	94.08615
700	94.23107
701	94.21639
702	94.12723
703	94.02081
704	93.84233
705	93.58174
706	93.34782
707	93.21809
708	93.13692
709	93.02401
710	92.89299
711	92.81527
712	92.83375
713	92.93211
714	93.0411
715	93.11922
716	93.2356
717	93.46249
718	93.74332
719	93.97306
720	94.10332
721	94.14178
722	94.13304
723	94.11798
724	94.1155
725	94.1439
726	94.19777
727	94.22997
728	94.21017
729	94.18525
730	94.24018
731	94.40259
732	94.62635
733	94.85172
734	95.04225
735	95.21106
736	95.41191
737	95.63947
738	95.79678
739	95.81832
740	95.7505
741	95.67391
742	95.59936
743	95.49182
744	95.36725
745	95.26613
746	95.16154
747	95.01764
748	94.86781
749	94.75234
750	94.67055
751	94.61971
752	94.62803
753	94.72571
754	94.8718
755	94.98724
756	95.07989
757	95.20997
758	95.34434
759	95.41516
760	95.47835
761	95.61769
762	95.77688
763	95.87402
764	95.93398
765	95.98427
766	95.97802
767	95.88219
768	95.72342
769	95.53711
770	95.33985
771	95.14854
772	94.99858
773	94.89631
774	94.78076
775	94.62703
776	94.49349
777	94.39229
778	94.26244
779	94.11449
780	94.03998
781	94.05871
782	94.11126
783	94.18762
784	94.32325
785	94.51764
786	94.73035
787	94.92092
788	95.05837
789	95.1217
790	95.13013
791	95.13392
792	95.15366
793	95.16068
794	95.11412
795	94.99958
796	94.8214
797	94.59384
798	94.36025
799	94.16583
800	94.01757
801	93.91473
802	93.86464
803	93.85319
804	93.87347
805	93.93969
806	94.01817
807	94.04416
808	94.01605
809	93.98894
810	93.98933
811	93.98133
812	93.92249
813	93.8161
814	93.68861
815	93.55044
816	93.39058
817	93.20712
818	93.02829
819	92.8837
820	92.81004
821	92.84121
822	92.91015
823	92.91767
824	92.91374
825	92.99111
826	93.0895
827	93.11498
828	93.10899
829	93.14056
830	93.1726
831	93.15236
832	93.11384
833	93.10754
834	93.11896
835	93.10572
836	93.05906
837	93.00846
838	92.99233
839	93.04233
840	93.18095
841	93.3654
842	93.47164
843	93.4604
844	93.45528
845	93.53615
846	93.63079
847	93.68836
848	93.75671
849	93.85581
850	93.93821
851	93.98422
852	94.02678
853	94.07623
854	94.09286
855	94.05406
856	93.99915
857	93.9687
858	93.93811
859	93.86151
860	93.74168
861	93.60441
862	93.44689
863	93.27337
864	93.13961
865	93.0849
866	93.06257
867	93.0083
868	92.92057
869	92.82997
870	92.73796
871	92.62444
872	92.48937
873	92.34741
874	92.20172
875	92.05752
876	91.93062
877	91.81333
878	91.67434
879	91.51538
880	91.37725
881	91.28355
882	91.23807
883	91.2559
884	91.33161
885	91.41492
886	91.46731
887	91.50344
888	91.53289
889	91.52326
890	91.47371
891	91.43747
892	91.42751
893	91.39977
894	91.3312
895	91.23624
896	91.12734
897	91.00597
898	90.86498
899	90.69624
900	90.52442
901	90.39689
902	90.32902
903	90.28526
904	90.20601
905	90.06694
906	89.89028
907	89.68444
908	89.4502
909	89.23712
910	89.10183
911	89.0241
912	88.93726
913	88.82772
914	88.72441
915	88.63296
916	88.55133
917	88.49262
918	88.4637
919	88.47649
920	88.5592
921	88.70742
922	88.85844
923	88.9556
924	89.0164
925	89.09045
926	89.16275
927	89.18618
928	89.17655
929	89.16341
930	89.11512
931	88.99764
932	88.81819
933	88.58079
934	88.26842
935	87.88796
936	87.49585
937	87.14439
938	86.83424
939	86.54845
940	86.29285
941	86.08244
942	85.9169
943	85.80579
944	85.77712
945	85.81389
946	85.85447
947	85.89008
948	85.97191
949	86.11721
950	86.28203
951	86.42277
952	86.53462
953	86.62571
954	86.67815
955	86.67154
956	86.63124
957	86.59044
958	86.53405
959	86.43946
960	86.32137
961	86.19257
962	86.01689
963	85.75079
964	85.41093
965	85.05936
966	84.74707
967	84.48764
968	84.25387
969	84.0116
970	83.77418
971	83.58762
972	83.4536
973	83.32473
974	83.17998
975	83.05288
976	82.97198
977	82.91738
978	82.85137
979	82.76314
980	82.66041
981	82.53013
982	82.32629
983	82.03049
984	81.6975
985	81.38153
986	81.0726
987	80.73501
988	80.34539
989	79.91173
990	79.4646
991	79.00552
992	78.52096
993	78.03977
994	77.5863
995	77.13146
996	76.65839
997	76.20157
998	75.77651
999	75.35563
1000	74.91563
1001	74.44764
1002	73.94053
1003	73.40044
1004	72.86442
1005	72.35088
1006	71.81979
1007	71.22487
1008	70.58024
1009	69.92892
1010	69.27116
1011	68.58933
1012	67.90349
1013	67.22828
1014	66.54468
1015	65.86558
1016	65.23355
1017	64.64335
1018	64.05264
1019	63.45563
1020	62.87667
1021	62.32717
1022	61.81087
1023	61.33489
1024	60.89238
1025	60.45416
1026	59.9912
1027	59.50868
1028	59.03337
1029	58.54803
1030	57.97129
1031	57.24948
1032	56.43323
1033	55.60444
1034	54.77217
1035	53.89673
1036	52.97637
1037	52.06141
1038	51.19056
1039	50.36161
1040	49.56401
1041	48.80638
1042	48.11133
1043	47.48829
1044	46.91797
1045	46.37672
1046	45.85173
1047	45.32088
1048	44.74178
1049	44.07427
1050	43.31409
1051	42.50248
1052	41.68121
1053	40.83861
1054	39.93913
1055	38.99744
1056	38.06179
1057	37.14456
1058	36.23322
1059	35.34076
1060	34.48422
1061	33.66446
1062	32.89315
1063	32.18681
1064	31.53843
1065	30.92814
1066	30.32936
1067	29.71625
1068	29.09767
1069	28.51218
1070	27.97488
1071	27.45715
1072	26.93143
1073	26.4076
1074	25.89022
1075	25.35285
1076	24.77922
1077	24.19035
1078	23.61057
1079	23.03254
1080	22.42719
1081	21.79049
1082	21.15775
1083	20.55782
1084	19.97982
1085	19.40118
1086	18.8207
1087	18.26525
1088	17.76412
1089	17.31362
1090	16.88795
1091	16.50716
1092	16.16229
1093	15.85335
1094	15.58034
1095	15.34326
1096	15.14211
1097	14.97689
1098	14.8476
1099	14.75424
1100	14.69681